Neighborhood : 14.66848319709355
AcceptsInsurance : 99.79564032697547
AgesAllowed : 98.60354223433242
Alcohol : 30.76748410535877
Ambience : 32.98138056312443
BYOB : 97.51362397820164
BYOBCorkage : 96.27611262488647
BestNights : 86.8755676657584
BusinessAcceptsBitcoin : 89.65712988192553
BusinessParking : 12.341053587647593
ByAppointmentOnly : 96.65077202543144
Caters : 40.485921889191644
CoatCheck : 84.6843778383288
Corkage : 97.59309718437784
DietaryRestrictions : 99.85240690281563
DogsAllowed : 87.67029972752044
DriveThru : 88.7488646684832
GoodForDancing : 83.48092643051771
GoodForKids : 33.14032697547684
GoodForMeal : 37.43188010899183
HairSpecializesIn : 99.97729336966394
HappyHour : 82.79972752043598
HasTV : 32.60672116257947
Music : 83.95776566757493
NoiseLevel : 38.98728428701181
Open24Hours : 99.1371480472298
OutdoorSeating : 24.557220708446867
RestaurantsAttire : 37.76112624886467
RestaurantsCounterService : 98.96684831970936
RestaurantsGoodForGroups : 26.237511353315167
RestaurantsPriceRange2 : 6.993642143505904
RestaurantsReservations : 32.368301544050865
RestaurantsTableService : 42.57493188010899
RestaurantsTakeOut : 22.286557674841053
Smoking : 85.45640326975476
WheelchairAccessible : 48.78519527702089
WiFi : 35.706176203451406
BikeParking : 26.464577656675747
BusinessAcceptsCreditCards : 4.3142597638510445
RestaurantsDelivery : 34.62761126248864
Address : 2.2025431425976385
Zip : 0.2724795640326975
