accepts_insurance : 108.48056537102472
ages_allowed : 108.30388692579504
byob : 106.36042402826855
byob_corkage : 105.12367491166077
best_nights : 101.59010600706712
bike_parking : 27.56183745583039
business_accepts_bitcoin : 101.23674911660778
byappointmentonly : 106.53710247349824
coat_check : 100.53003533568905
corkage : 105.8303886925795
dietary_restrictions : 108.30388692579504
dogs_allowed : 95.40636042402826
drive_thru : 91.51943462897526
good_for_dancing : 100.17667844522968
hair_specializes_in : 108.48056537102472
happy_hour : 99.82332155477032
music : 100.70671378091873
open_24_hours : 107.59717314487634
restaurants_counter_service : 107.06713780918729
smoking : 101.41342756183747
neighborhood : 18.90459363957597
caters : 28.975265017667844
good_for_kids : 20.671378091872793
good_for_meal : 22.791519434628977
restaurants_attire : 22.261484098939928
restaurants_delivery : 21.024734982332156
restaurants_table_service : 25.265017667844525
restaurants_takeout : 13.780918727915195
restaurants_good_for_groups : 16.25441696113074
restaurants_price_range2 : 3.0035335689045937
restaurants_reservations : 18.90459363957597
wheelchair_accessible : 44.87632508833922
wifi : 21.73144876325088
ambience : 19.257950530035338
outdoor_seating : 14.487632508833922
has_tv : 20.141342756183743
noise_level : 24.381625441696116
alcohol : 19.257950530035338
business_accepts_creditcards : 3.7102473498233217
business_parking : 4.946996466431095
