byob_corkage : 96.61921708185054
best_nights : 90.74733096085409
bike_parking : 8.718861209964412
business_accepts_bitcoin : 85.94306049822063
coat_check : 90.39145907473309
corkage : 97.33096085409252
dogs_allowed : 79.53736654804271
drive_thru : 80.96085409252669
good_for_dancing : 89.32384341637011
happy_hour : 85.58718861209964
music : 92.34875444839858
open_24_hours : 99.11032028469751
smoking : 91.28113879003558
accepts_apple_pay : 43.77224199288256
accepts_google_pay : 68.50533807829181
good_for : 51.95729537366548
has_pool_table : 94.30604982206405
waiter_service : 77.22419928825623
caters : 8.540925266903916
good_for_kids : 6.405693950177936
good_for_meal : 21.70818505338078
restaurants_attire : 11.743772241992882
restaurants_delivery : 6.049822064056939
restaurants_table_service : 23.487544483985765
restaurants_takeout : 3.0249110320284696
restaurants_good_for_groups : 4.448398576512456
restaurants_price_range2 : 2.6690391459074734
restaurants_reservations : 4.6263345195729535
wheelchair_accessible : 35.231316725978644
wifi : 6.049822064056939
ambience : 8.896797153024911
outdoor_seating : 2.8469750889679712
has_tv : 5.160142348754448
noise_level : 6.227758007117438
alcohol : 4.6263345195729535
business_accepts_creditcards : 0.5338078291814947
business_parking : 1.4234875444839856
